..PL

11111 4. 311111 1844. 1111111111 11111 11111111 1111111111 1111111111 111 111
11111111 11 Mhi 1111111111 1111111111 1111111111 111 1111111 · . ·

811 11311111 18441111111111111 111 1111111,111,1111111111111111111
11111 3111 1111111 111 11111111 111 111 11111111 111 111 1111111111 11111111 1111111111
11111111 6111111111 fid> 14 1111111111 1111111111 11 ’111111 31111111 1111111111 111
11111 11111111 [1111.

1111 111. 1111111 1844. 1111111111 11111 1111111 1111111111111 1111111 1111
11111 111111 11 61111111 111 1111111 1111111111 1111111111 11111111 11111111 111111. -

1111 2⁰. 1111111 1844 1111111111111111111111, 1111111111111111111111
1111111111 1411111111 111 1111111111, 11111 11 11111 111, 11 1111111 11111 111 1111 Ue·
111111 111 1111111111 111111 111 1111111111 111 1111111111, umatum* 111 111111111111111
1111111111, 111· 111. 111111111111111111111 11111111 11111 11111111 111 [1111111111 111111
11111 111 1111111111 1111111 1111111 111.

11111 2⁷. 1111111 1844. 1111111, 111 1111111111 11 1111111, 111 11111111111111
6111111 111111 11111111 (1111111111 1111 11111111 1111111 11111 111111 11111111 111111

1111 4. 111111 1844 1111111111 111111 11111 1111111111 11111111 1111111111
11 11111111 1111111111 111 1111111111 11111111, 111111 1111 111111 6111111, 11 611111
111 11111 11111111 11111 111111, 11 1111111 11 1111111111 11111111 11111111, 11111 1111111111
11111 1111111111 111111111111111 111 111 1111111111 1111111111, 11 111 111111 11 11 1111
1111111111 111 1111111111 1111 6111111111 11111111 11111, 111 1111 111111 111 61111111
1111111 111111111111111 11111111 11

11111 11111111 1844 1111111 111 111 11111111 111 111 11111111. 111111 11 111Ι ’
1111111111 11 1111

1111 5. 111111 1844 1111111111 111 1111111111 111 1111 8111111111, 111 1111
1111 11 111 1111111111 1111111111 111 4, 1111 5 6111111, 1111111111 111111 111111.

1311 4 1111 1844 1111111, 111 111 bt. 1111. 1111111111 1111111111 1111 1111111
111111, 1111 11111111, 111111 1111111111 111111 1111111111111 111 11111111 11 1111111111.

11111 31. 1111 1844 1111111111 111 1111111111 111111111111111111, 111 111
11 1111111111 11111111 11111 111111 1111 6111111 1111111111 111 1111 11111111 111 1111111
11111111 111111 11111 111111 1111 1111 6111111111 11111111 111111 111111 111111 111 111 ’
1111111 11111111, 111 111 11111 11 1111111 11111 11111111, 111 11111 61111111, 111 11111
11111111 1111111111, 1111111111, 1111111111 1111111 111111 111111 11111

111111 111111 1844 1111111111, 111 111 1111111111 111111 1111111111 1111111
11111 111 111111 11111 111 1111111111 1111111111 11 11111111 1111 1111111111 11111 111
111111 1111111 111111

 

