40*

-nn-

111 1111111 1111111111 1111118111111111 nn 11 1111111 1111, 111 1111111 1111111111 {mh nit
11111111 1111111 111111 M (11111111 bit 11 111111 emam 111111, 111 11 11
1111 111111111111811111111 11 8111111 ’ 1111111 1111111111 1111111 11, 1111 1111111111111
1111111111 1111, 11111111 11111 nau 1111111111 mum 111 1111111111, 1111111 1111 1111
111 8111111111 11111111111111111111 mm 11111111 1111111 11111, 1111111 1111111111

1111111111 111111

μ

, 1v. 1111111111 11111111

——qn-

1111111 111 61111111, 1111111 1111 1111 111111 8111111111 111 1111 111 1111111 1111111
jum 11111111 11111, 11111 11111111 11111 11111111 111 1111111111 1111111111 1111111111
1111111111 1 1111111111 111 1111 11111111 111 1111111111 1111111111 1111111111 6111111
111111111111111111 11111111 111111111111111111111111111 1111111111 111 1111111111
,11111 11111 111 311111 11111111 111 mmmm: 111111111111115 111 nummum:
101111 111111, 1111111111 8111111111 11111111. 611111, 11111111 1111111 11111111 111 811111
11111111111111 Dbetaessettla: Sulmo 1111111, 81111111 1111, 8111111 81111, 8111111111 611111
· 111111, 11111· 1. mentham 111 1111111111 81111 11111111, 11111111 11111, 1111111 11111,
1 1111111 61111111, 1111116111 1111 11111111 1111111 1111111111, 11111 11111111, 11111111.
- 6111111, 8111111 «111111, 8111111 811111, 1111111 611111ίί1111, 1111111 1111111111, 8111 3111111
aaa 11111 11111 11111111 swan, 1111111111, 11111 1111111111 1111111
,· 111 &emt 1111111111 1111111, 1111111 ,11111 werhem 111 1111 1111 11111111 1111111111 111
nutum 1111111 1111111111, 11111111 1111111111, 1111111 1111111111 111 &mne 1111111 111111,
1 cau 1111111, 8111111 metten 11 1111111111 11111 111 11111111 111 111 1111111 811 61111111 111
1111 1111111111 6111111111 111 11111111 111 811111 111 6111111 1118111111 111 11 1111111
ᾗ 11 11111111 111 mammem 6111111111 8511 111111. 311 111111 111111 1111 1111111111111111
ἰ m, ’1111111111 1111111111, 11 1111111111 1111111111 1111 11 1111111111 1113111111
111111111111111111 1111111111111 6111111111 111111111111111 6111111111
1111 11111111 118, 111 1111 11 &ertu 1011, 11 ὓ1111118,11 11111111111111 18,
{u 6111111111,ἱ 11 111111 81· met 11111111 1111 111111 11111111 118 1111111111, 111 1111
1111111111 1111111111 111 111 8111111111. 111111 1111111 1111111111111111111161111111111111
11111111113111111 111 111111 111111 1111 1111111 111 1111111111, 111 10. 1111111111,
118, 111 6111111111111, 111 11. 3111, 118.

 

