‘wie 1111111111 1111111111 111111111111111111, 11 111 111 1111111111111111111111111111,
1111 1111 14. 1111111ῶ111111111 111111 1111 1111111 111 11111111 1111111111111116111111111
§m Dr. 111111 1111111111, 111 111 11111111 11111 11111 1111 1111 1111111111 1111111111 11111111
1111111 1111111.

1111111116111111111 1844111 11111111 ben 14. Β111111, un 1111111111 1111 111 11111111
51111111 111 1111111 11111111 11111111 §Det 11. 11111 1113111111 111111111111111111111111
1111111111 61111111 1111111111, 1111111 111111 11111111 11111111 1111111111 gum (1111111111 ino 11111111
11111 Μ 11111111 11111111111111, 1111 11111111 (5111111111 1111 111111111111 6111111111
1111111911 611111, 111 11 111111 11111111 111111, 11111 1111 1111111111 1111 1111 3111111111 1111111111
11111111. men 15. 9111111 1111111111 um 9 1111 111111 111 1111 1111111111 11111111 111
11111 6111111111 61. 1111111111 111 8111111 1111 611111111ίῲ11 11111, mit 111 1111111111 111 &ts
1111111 111 (1111111111 1111111111 11111. ,

811 1111111111 61111111 111 6111111, zatun 11111 1311111, 1111111 1111 1111 1111111111 &tuns
111 111 1111111111 1111111111 1111111 1111 11111111 111111111111 1111111111 11111111, 11111111 111 111,
1111111111 111111 1111 11111 &tumtum 111 1111 1111111111 6111111111 1111 11111111 11111111 ,
111 11111111, 111111 111111 11111 1111111111 111 11111111 1111111111111111111111111111 1111111 3111
1111111111111 111, 1111 11111 1111 111 1111111111 1111111111 (11111111 1111111111 1111111 111111. (sin
11111111 1111 1111 1111 1111111111 111 1111111111 1111 1111 1111111111, 1111 11111111 1111 31111111
11 111 11111 11111111

 

