§ μ

Bon 111. Sunt 1844. 8141111119 11114 1111 bnt. 81111111119111111111141111111
914,1111319111119 114 1111111114 11 1111111111, 11, 11 11111111 1111 6111111111 11 111111 114 11191

ud> 1111111 111111, 1111114 111 1111119111 (4111111119 114 8111111111114 11111 1111 4111 1111
811111 111111 111111 8411941111 11191111 [et

41111 11. 3111 1844. 81111191191111111 Qut. 811111 1. 81111111 1111111111111
1111 9111111111ῐῴ11 1111111911 1111111941 11111111 111111.
· 81111 20. 31111 1844 1114111119 11114 9111111111, 1111 111 81911111411111 111
,81111119 1149111111 &mamma 1111111111 8111111 91911114 8114118141 111 1111,
11111 11111 111111.. 11 1111111.- 1111111111 au 11 1111111111
1411111 11 11111111

1. 44111111 8111114111.

,1, 11114 11111191 8141118411 81111111111119111114 1118111111, 1111 19.
6111111111 1844. 11191191, 111 114 111111111111111111111111141, 1111141111 Str„ ”aa
1111111111 &futter 8111111111 111 {eim 4114111111 1111 1114 Quqssabt 9111111194 31911191 9191111111
&tivantium 1111111 1111111 11111.

4111 1111191 81411111411 8119111119 111 8111111, 1111 8 81111111
1844. 81111191 1111111111 11111 «bnt 8119111414 111111 1111111111 1111111191, 111 111111 (41111111
111111 1111111111 811114111111111111 4111191 1111119111111111111 1111111111 1111111111 nun·
11111 1111 8111111111 aut 8111111119 1111111111111111191 1111911111 ’

111. 61111114. ι

munh 1118111111, 1119. 8111111111 1. 3., 11111 114 8111111111 1111111 81114 111
1111 611811418131111111141 811111 114 811111,1111111111111111111111 111111 4111111119 114
1111141111111111114 11191141191111111111 1111111 1111 11111 1111 111 81111119 114 1111111114, 11
111111411111141911141111111911481114111111181111111111111111.

ww 6411111111 1844111 1191111 1111 111 1191114111 111111 91111 11119111 6414111111 91191911
911, 11111 111 81111119 114 ,βαι 811911119411114 nr. 8194 114 4111191 &maistam 111 w.
8911111191111111111141111411811111911181111111111111, 11111 1111 mmmm
mm 1111111 11111111 1111111, 11 1111 1111111111
9111111111 8 8111411441 114 (4111111114 114 31119111 111 811111 1111111111 , .

 

