..2⁸2-

3 mmmmwmtfflboeummffitinbmmfflnmwow
0000 00 0000 00 000000 &lym 00 00000000 000 trauan 000000 maten, 0000 gang 00
00000000 &mugen 0000 &fita 000οι 00 bt. 00000 0. Dr. 60000 in 0000100, 000ίοΙ

, 0 auf 00 &arzuge 00 0000 00000000 00, 000 000 000000οί 000000, 00 ibn 000 0300900·
000 {tina 000000 ww 00000. M 00000 300 000 0000 001000 0000000 000οι 00
bt. DbetL 0000 itant, 000 000000οΙ 0 000 300 [eng [eine 00000000ῐο nod) 000000, 0000
0 000000 bet 0000000000 00000000 000 0000000 000 tonate 000 000 (500000 00 00000000
[ein 0000000 0000 0000000. 30 010000 300 00000 aad) 00 bt. (0000. 0. 00010 0000 &aare
000 000000 wulpen {ung 00000000 [dne 6001000000 00 00000, 000 tonate 00 aad} 00 bumbos
faita 000 0000000000 00000 000000.

, mma 000 00000 (00000000 000000 0000000000 10000000 0000000 000 1000
010000 000 00 3000 00 (0010000000 000 0. 0000000000 20000, im 000000 000 9000100,

³ 000, 00 [onst. 00 0000 000 00000 wia 0001000 00000

’ 800 00 0000 000000 00 000 000 100 {wne 1828 00000000 summor 0000000010 00
00000 0000000000 00000 iu 00000 0000 010 nume 00 1100000000 000 &teuc 000 00000
000000 000 0000 00 000000 00 «but (0000 0 Dr. §pinet 000 ’10 &fidem 00 &cumbe ἢ

³ 0000000 0000000 00000000 bie 000000 000 imm 0000 00000ίο 000 0000000 000 000 ber

’ 00000 &bum 0000000000 00000 0000, 00000 uad> 0000 000000οΜ000 00 00000 00

3 mmmmm 00000 Sulcum 00 00 0000 0000000 000 0000 Massa 00 0000 0οι
4 mem 00 0000 0000000000 Me 00000005 000000 00000 0000 00 000000 00 Dbet·
00000000 2. 000000οῐ, 9000000 &dmin 000 00000 wolff 000100000000000000 00

ἐ 000000 00000 we 000000 001000 000000· ein 000000 00 0000060000 ,0300000000
00 ,000090 0000οῐ000 0000000οι {n &1de

000000 0000 in 000 vernonem 00000000 fit 00000 000 &tumba 4, nt 0000
000 numu 5, 000 'nutum 000 &crta 00 00 &egel 000 000000 00 00900000 00 0000000
Men 000 000 00000 000000 000 bie 30090000 [000οί ln 00 0000000 0000000 cinga
tugen, 010 aad> 00 6000100 {fir 000 (ilum 0000000

300 000010ος 000 00 0000100000 000 00 &dung 00 ,000000 00000 00 0000100
.οἰ0 0000000000 umagen 000 00 [000090 00000000 mnf 000 00000005 000 03000 000ιο

3 000 (500100, 00010 magen 00 000 [mun 00000000, 0000 mcii 000 &itm 00 030000
0000000 000 0000000 0300 0000 000000 000000 000, 0000 000000 0000.

ἦ D« 00 nau 000 000 01000000ῐο [000οΙ 0000 00000000 030000000000000

¹ 00000 000 000 000 «0000 0000000000 00 00000000 00000 00000090 000000 00 000 00
0000000 &eumq 00 0000000 aad> 000 0000 «bnt 0000000 11009 im 0000000000 00 000
0000000000.00000οΜ000000000000000000000000010000

 

